## Downloaded from: http://wise-obs.tau.ac.il/~orlyg/cooling/CIEcool/tab13.txt
Title: Time-Dependent Ionization in Radiatively Cooling Gas
Authors: Orly Gnat and Amiel Sternberg
Table: CIE Cooling Efficiencies
================================================================================
Byte-by-byte Description of file: datafile13.txt
--------------------------------------------------------------------------------
   Bytes Format Units           Label           Explanations
--------------------------------------------------------------------------------
   1- 10 A10    K                 Temperature     Temperature
  12- 19 A8     10-13.J.m+3.s-1   Lambda(Z=1e-3)  Cooling Efficiency (erg cm^3
                                                   s^-1)
  21- 28 A8     10-13.J.m+3.s-1   Lambda(Z=1e-2)  Cooling Efficiency (erg cm^3
                                                   s^-1)
  30- 37 A8     10-13.J.m+310-1   Lambda(Z=1e-1)  Cooling Efficiency (erg cm^3
                                                   s^-1)
  39- 46 A8     10-13.J.m+3.s-1   Lambda(Z=1)     Cooling Efficiency (erg cm^3
                                                   s^-1)
  48- 55 A8     10-13.J.m+3.s-1   Lambda(Z=2)     Cooling Efficiency (erg cm^3
                                                   s^-1)
--------------------------------------------------------------------------------
Note (1): Our assumed Z=1 solar abundances are listed in Table 1.
--------------------------------------------------------------------------------
1.0000e+04 4.70e-24 4.98e-24 7.78e-24 5.59e-23 3.77e-22 
1.0470e+04 7.62e-24 7.79e-24 9.55e-24 3.09e-23 6.96e-23 
1.0970e+04 1.23e-23 1.25e-23 1.39e-23 2.86e-23 4.76e-23 
1.1490e+04 1.97e-23 1.98e-23 2.11e-23 3.41e-23 4.93e-23 
1.2030e+04 3.08e-23 3.09e-23 3.22e-23 4.51e-23 5.98e-23 
1.2600e+04 4.66e-23 4.67e-23 4.81e-23 6.16e-23 7.68e-23 
1.3200e+04 6.78e-23 6.80e-23 6.93e-23 8.39e-23 1.00e-22 
1.3830e+04 9.40e-23 9.41e-23 9.58e-23 1.11e-22 1.28e-22 
1.4480e+04 1.22e-22 1.22e-22 1.24e-22 1.41e-22 1.60e-22 
1.5170e+04 1.47e-22 1.47e-22 1.49e-22 1.67e-22 1.88e-22 
1.5890e+04 1.65e-22 1.65e-22 1.67e-22 1.86e-22 2.09e-22 
1.6640e+04 1.71e-22 1.71e-22 1.73e-22 1.94e-22 2.17e-22 
1.7430e+04 1.69e-22 1.69e-22 1.71e-22 1.92e-22 2.15e-22 
1.8250e+04 1.59e-22 1.59e-22 1.61e-22 1.82e-22 2.06e-22 
1.9120e+04 1.46e-22 1.47e-22 1.49e-22 1.70e-22 1.93e-22 
2.0020e+04 1.32e-22 1.32e-22 1.34e-22 1.55e-22 1.79e-22 
2.0970e+04 1.18e-22 1.18e-22 1.21e-22 1.43e-22 1.67e-22 
2.1960e+04 1.05e-22 1.05e-22 1.08e-22 1.31e-22 1.57e-22 
2.3000e+04 9.40e-23 9.42e-23 9.67e-23 1.21e-22 1.49e-22 
2.4090e+04 8.44e-23 8.46e-23 8.72e-23 1.14e-22 1.43e-22 
2.5240e+04 7.60e-23 7.63e-23 7.91e-23 1.08e-22 1.39e-22 
2.6430e+04 6.88e-23 6.91e-23 7.21e-23 1.03e-22 1.38e-22 
2.7680e+04 6.25e-23 6.29e-23 6.63e-23 1.00e-22 1.38e-22 
2.8990e+04 5.71e-23 5.75e-23 6.13e-23 9.85e-23 1.40e-22 
3.0370e+04 5.23e-23 5.27e-23 5.67e-23 9.77e-23 1.43e-22 
3.1810e+04 4.77e-23 4.82e-23 5.27e-23 9.77e-23 1.48e-22 
3.3310e+04 4.35e-23 4.40e-23 4.91e-23 9.88e-23 1.54e-22 
3.4890e+04 3.98e-23 4.04e-23 4.58e-23 1.01e-22 1.62e-22 
3.6540e+04 3.65e-23 3.71e-23 4.32e-23 1.04e-22 1.72e-22 
3.8280e+04 3.35e-23 3.42e-23 4.09e-23 1.08e-22 1.84e-22 
4.0090e+04 3.09e-23 3.16e-23 3.92e-23 1.14e-22 1.97e-22 
4.1990e+04 2.88e-23 2.96e-23 3.79e-23 1.21e-22 2.13e-22 
4.3980e+04 2.72e-23 2.81e-23 3.72e-23 1.29e-22 2.30e-22 
4.6060e+04 2.61e-23 2.71e-23 3.72e-23 1.38e-22 2.50e-22 
4.8240e+04 2.57e-23 2.68e-23 3.79e-23 1.49e-22 2.73e-22 
5.0530e+04 2.60e-23 2.72e-23 3.95e-23 1.62e-22 2.98e-22 
5.2920e+04 2.74e-23 2.87e-23 4.21e-23 1.77e-22 3.27e-22 
5.5430e+04 3.00e-23 3.15e-23 4.62e-23 1.94e-22 3.58e-22 
5.8050e+04 3.41e-23 3.57e-23 5.18e-23 2.13e-22 3.93e-22 
6.0800e+04 3.99e-23 4.17e-23 5.92e-23 2.35e-22 4.31e-22 
6.3680e+04 4.74e-23 4.93e-23 6.83e-23 2.59e-22 4.72e-22 
6.6700e+04 5.63e-23 5.83e-23 7.89e-23 2.85e-22 5.15e-22 
6.9860e+04 6.56e-23 6.78e-23 9.00e-23 3.12e-22 5.59e-22 
7.3170e+04 7.43e-23 7.67e-23 1.00e-22 3.37e-22 6.02e-22 
7.6630e+04 8.11e-23 8.36e-23 1.09e-22 3.61e-22 6.42e-22 
8.0260e+04 8.49e-23 8.75e-23 1.14e-22 3.80e-22 6.77e-22 
8.4070e+04 8.55e-23 8.84e-23 1.16e-22 3.97e-22 7.09e-22 
8.8050e+04 8.35e-23 8.64e-23 1.16e-22 4.10e-22 7.38e-22 
9.2220e+04 7.95e-23 8.26e-23 1.13e-22 4.20e-22 7.63e-22 
9.6590e+04 7.42e-23 7.74e-23 1.09e-22 4.28e-22 7.83e-22 
1.0120e+05 6.86e-23 7.19e-23 1.05e-22 4.32e-22 7.98e-22 
1.0600e+05 6.29e-23 6.62e-23 9.94e-23 4.32e-22 8.03e-22 
1.1100e+05 5.74e-23 6.07e-23 9.39e-23 4.27e-22 7.99e-22 
1.1620e+05 5.22e-23 5.55e-23 8.86e-23 4.20e-22 7.88e-22 
1.2170e+05 4.76e-23 5.08e-23 8.35e-23 4.11e-22 7.76e-22 
1.2750e+05 4.33e-23 4.66e-23 7.89e-23 4.03e-22 7.66e-22 
1.3350e+05 3.95e-23 4.28e-23 7.52e-23 3.99e-22 7.62e-22 
1.3990e+05 3.61e-23 3.94e-23 7.21e-23 3.99e-22 7.65e-22 
1.4650e+05 3.31e-23 3.64e-23 6.96e-23 4.02e-22 7.74e-22 
1.5340e+05 3.04e-23 3.38e-23 6.77e-23 4.08e-22 7.88e-22 
1.6070e+05 2.80e-23 3.15e-23 6.62e-23 4.15e-22 8.05e-22 
1.6830e+05 2.58e-23 2.94e-23 6.49e-23 4.22e-22 8.21e-22 
1.7630e+05 2.39e-23 2.75e-23 6.39e-23 4.29e-22 8.37e-22 
1.8460e+05 2.22e-23 2.59e-23 6.29e-23 4.35e-22 8.50e-22 
1.9340e+05 2.06e-23 2.44e-23 6.21e-23 4.41e-22 8.64e-22 
2.0260e+05 1.92e-23 2.31e-23 6.15e-23 4.47e-22 8.79e-22 
2.1210e+05 1.80e-23 2.19e-23 6.11e-23 4.54e-22 8.94e-22 
2.2220e+05 1.68e-23 2.08e-23 6.06e-23 4.60e-22 9.08e-22 
2.3270e+05 1.58e-23 1.98e-23 6.00e-23 4.64e-22 9.16e-22 
2.4370e+05 1.49e-23 1.89e-23 5.90e-23 4.62e-22 9.13e-22 
2.5530e+05 1.40e-23 1.79e-23 5.73e-23 4.52e-22 8.95e-22 
2.6740e+05 1.32e-23 1.70e-23 5.46e-23 4.33e-22 8.56e-22 
2.8000e+05 1.25e-23 1.60e-23 5.10e-23 4.03e-22 7.97e-22 
2.9330e+05 1.11e-23 1.43e-23 4.62e-23 3.67e-22 7.25e-22 
3.0720e+05 1.05e-23 1.34e-23 4.21e-23 3.31e-22 6.55e-22 
3.2180e+05 9.95e-24 1.25e-23 3.86e-23 3.00e-22 5.93e-22 
3.3700e+05 9.46e-24 1.19e-23 3.58e-23 2.76e-22 5.46e-22 
3.5300e+05 9.01e-24 1.13e-23 3.37e-23 2.59e-22 5.12e-22 
3.6970e+05 8.61e-24 1.08e-23 3.23e-23 2.48e-22 4.91e-22 
3.8720e+05 8.25e-24 1.03e-23 3.12e-23 2.41e-22 4.77e-22 
4.0560e+05 7.92e-24 9.98e-24 3.06e-23 2.38e-22 4.70e-22 
4.2480e+05 7.63e-24 9.67e-24 3.01e-23 2.36e-22 4.66e-22 
4.4490e+05 7.36e-24 9.39e-24 2.97e-23 2.34e-22 4.64e-22 
4.6600e+05 7.10e-24 9.13e-24 2.93e-23 2.33e-22 4.60e-22 
4.8800e+05 6.87e-24 8.87e-24 2.89e-23 2.30e-22 4.56e-22 
5.1110e+05 6.65e-24 8.62e-24 2.83e-23 2.26e-22 4.48e-22 
5.3540e+05 6.44e-24 8.35e-24 2.75e-23 2.20e-22 4.35e-22 
5.6070e+05 6.24e-24 8.06e-24 2.63e-23 2.10e-22 4.15e-22 
5.8730e+05 6.05e-24 7.77e-24 2.50e-23 1.98e-22 3.92e-22 
6.1510e+05 5.88e-24 7.49e-24 2.36e-23 1.86e-22 3.68e-22 
6.4420e+05 5.72e-24 7.22e-24 2.22e-23 1.73e-22 3.42e-22 
6.7480e+05 5.59e-24 7.00e-24 2.12e-23 1.64e-22 3.24e-22 
7.0670e+05 5.47e-24 6.81e-24 2.02e-23 1.55e-22 3.07e-22 
7.4020e+05 5.36e-24 6.66e-24 1.97e-23 1.51e-22 2.98e-22 
7.7530e+05 5.26e-24 6.54e-24 1.93e-23 1.47e-22 2.91e-22 
8.1200e+05 5.18e-24 6.43e-24 1.90e-23 1.46e-22 2.88e-22 
8.5040e+05 5.10e-24 6.35e-24 1.88e-23 1.44e-22 2.85e-22 
8.9070e+05 5.04e-24 6.28e-24 1.87e-23 1.44e-22 2.84e-22 
9.3290e+05 4.98e-24 6.22e-24 1.86e-23 1.43e-22 2.83e-22 
9.7710e+05 4.93e-24 6.15e-24 1.83e-23 1.41e-22 2.79e-22 
1.0000e+06 4.90e-24 6.12e-24 1.83e-23 1.41e-22 2.78e-22 
1.0470e+06 4.87e-24 6.07e-24 1.80e-23 1.38e-22 2.74e-22 
1.0960e+06 4.85e-24 6.02e-24 1.77e-23 1.36e-22 2.68e-22 
1.1480e+06 4.83e-24 5.97e-24 1.74e-23 1.33e-22 2.62e-22 
1.2020e+06 4.82e-24 5.94e-24 1.72e-23 1.30e-22 2.57e-22 
1.2590e+06 4.81e-24 5.91e-24 1.70e-23 1.28e-22 2.53e-22 
1.3180e+06 4.81e-24 5.88e-24 1.66e-23 1.25e-22 2.47e-22 
1.3800e+06 4.81e-24 5.86e-24 1.64e-23 1.23e-22 2.42e-22 
1.4450e+06 4.81e-24 5.85e-24 1.62e-23 1.20e-22 2.37e-22 
1.5140e+06 4.82e-24 5.83e-24 1.59e-23 1.17e-22 2.31e-22 
1.5850e+06 4.84e-24 5.81e-24 1.55e-23 1.13e-22 2.23e-22 
1.6600e+06 4.85e-24 5.78e-24 1.51e-23 1.09e-22 2.14e-22 
1.7380e+06 4.87e-24 5.75e-24 1.46e-23 1.04e-22 2.04e-22 
1.8200e+06 4.89e-24 5.72e-24 1.41e-23 9.80e-23 1.92e-22 
1.9060e+06 4.91e-24 5.70e-24 1.35e-23 9.23e-23 1.81e-22 
1.9950e+06 4.94e-24 5.67e-24 1.30e-23 8.64e-23 1.69e-22 
2.0890e+06 4.88e-24 5.56e-24 1.23e-23 8.05e-23 1.57e-22 
2.1880e+06 4.92e-24 5.55e-24 1.18e-23 7.53e-23 1.47e-22 
2.2910e+06 4.96e-24 5.54e-24 1.14e-23 7.05e-23 1.37e-22 
2.3990e+06 5.00e-24 5.55e-24 1.10e-23 6.61e-23 1.28e-22 
2.5120e+06 5.05e-24 5.56e-24 1.07e-23 6.21e-23 1.20e-22 
2.6300e+06 5.09e-24 5.57e-24 1.03e-23 5.82e-23 1.12e-22 
2.7540e+06 5.14e-24 5.59e-24 1.00e-23 5.48e-23 1.05e-22 
2.8840e+06 5.20e-24 5.61e-24 9.75e-24 5.15e-23 9.84e-23 
3.0200e+06 5.25e-24 5.64e-24 9.51e-24 4.85e-23 9.23e-23 
3.1620e+06 5.31e-24 5.67e-24 9.29e-24 4.58e-23 8.68e-23 
3.3110e+06 5.39e-24 5.73e-24 9.13e-24 4.34e-23 8.20e-23 
3.4670e+06 5.47e-24 5.79e-24 8.99e-24 4.13e-23 7.76e-23 
3.6310e+06 5.55e-24 5.86e-24 8.91e-24 3.96e-23 7.42e-23 
3.8020e+06 5.64e-24 5.93e-24 8.84e-24 3.81e-23 7.11e-23 
3.9810e+06 5.73e-24 6.01e-24 8.79e-24 3.69e-23 6.85e-23 
4.1690e+06 5.82e-24 6.09e-24 8.77e-24 3.58e-23 6.61e-23 
4.3650e+06 5.92e-24 6.18e-24 8.76e-24 3.48e-23 6.41e-23 
4.5710e+06 6.01e-24 6.26e-24 8.77e-24 3.40e-23 6.24e-23 
4.7860e+06 6.11e-24 6.36e-24 8.79e-24 3.32e-23 6.07e-23 
5.0120e+06 6.22e-24 6.45e-24 8.81e-24 3.26e-23 5.93e-23 
5.2480e+06 6.32e-24 6.55e-24 8.85e-24 3.19e-23 5.79e-23 
5.4950e+06 6.43e-24 6.65e-24 8.89e-24 3.14e-23 5.68e-23 
5.7540e+06 6.53e-24 6.75e-24 8.94e-24 3.09e-23 5.57e-23 
6.0260e+06 6.64e-24 6.86e-24 9.00e-24 3.06e-23 5.49e-23 
6.3100e+06 6.76e-24 6.97e-24 9.08e-24 3.03e-23 5.42e-23 
6.6070e+06 6.87e-24 7.08e-24 9.15e-24 3.01e-23 5.36e-23 
6.9180e+06 6.99e-24 7.19e-24 9.24e-24 2.99e-23 5.31e-23 
7.2440e+06 7.11e-24 7.31e-24 9.35e-24 2.99e-23 5.31e-23 
7.5860e+06 7.23e-24 7.43e-24 9.45e-24 2.98e-23 5.27e-23 
7.9430e+06 7.35e-24 7.55e-24 9.56e-24 2.98e-23 5.26e-23 
8.3180e+06 7.48e-24 7.68e-24 9.66e-24 2.97e-23 5.23e-23 
8.7100e+06 7.60e-24 7.80e-24 9.77e-24 2.96e-23 5.20e-23 
9.1200e+06 7.73e-24 7.93e-24 9.87e-24 2.95e-23 5.16e-23 
9.5500e+06 7.86e-24 8.06e-24 9.98e-24 2.94e-23 5.13e-23 
1.0000e+07 8.00e-24 8.19e-24 1.01e-23 2.92e-23 5.08e-23 
1.0470e+07 8.16e-24 8.35e-24 1.02e-23 2.89e-23 5.00e-23 
1.0960e+07 8.33e-24 8.52e-24 1.03e-23 2.86e-23 4.92e-23 
1.1480e+07 8.51e-24 8.68e-24 1.04e-23 2.82e-23 4.82e-23 
1.2020e+07 8.68e-24 8.85e-24 1.05e-23 2.75e-23 4.66e-23 
1.2590e+07 8.87e-24 9.03e-24 1.06e-23 2.69e-23 4.52e-23 
1.3180e+07 9.05e-24 9.21e-24 1.07e-23 2.62e-23 4.36e-23 
1.3800e+07 9.21e-24 9.35e-24 1.08e-23 2.54e-23 4.18e-23 
1.4450e+07 9.39e-24 9.53e-24 1.09e-23 2.46e-23 4.00e-23 
1.5140e+07 9.59e-24 9.72e-24 1.10e-23 2.37e-23 3.81e-23 
1.5850e+07 9.80e-24 9.91e-24 1.11e-23 2.30e-23 3.64e-23 
1.6600e+07 9.99e-24 1.01e-23 1.12e-23 2.22e-23 3.47e-23 
1.7380e+07 1.02e-23 1.03e-23 1.13e-23 2.15e-23 3.30e-23 
1.8200e+07 1.04e-23 1.05e-23 1.14e-23 2.09e-23 3.16e-23 
1.9060e+07 1.06e-23 1.07e-23 1.16e-23 2.04e-23 3.03e-23 
1.9950e+07 1.08e-23 1.09e-23 1.17e-23 2.00e-23 2.92e-23 
2.0890e+07 1.11e-23 1.11e-23 1.19e-23 1.96e-23 2.83e-23 
2.1880e+07 1.13e-23 1.14e-23 1.21e-23 1.93e-23 2.75e-23 
2.2910e+07 1.15e-23 1.16e-23 1.22e-23 1.91e-23 2.69e-23 
2.3990e+07 1.17e-23 1.18e-23 1.24e-23 1.90e-23 2.64e-23 
2.5120e+07 1.20e-23 1.20e-23 1.26e-23 1.89e-23 2.60e-23 
2.6300e+07 1.22e-23 1.23e-23 1.28e-23 1.89e-23 2.57e-23 
2.7540e+07 1.24e-23 1.25e-23 1.31e-23 1.89e-23 2.55e-23 
2.8840e+07 1.27e-23 1.27e-23 1.33e-23 1.90e-23 2.54e-23 
3.0200e+07 1.29e-23 1.30e-23 1.35e-23 1.91e-23 2.53e-23 
3.1620e+07 1.31e-23 1.32e-23 1.37e-23 1.92e-23 2.54e-23 
3.3110e+07 1.34e-23 1.35e-23 1.40e-23 1.94e-23 2.56e-23 
3.4670e+07 1.37e-23 1.38e-23 1.43e-23 1.97e-23 2.58e-23 
3.6310e+07 1.40e-23 1.41e-23 1.46e-23 2.00e-23 2.60e-23 
3.8020e+07 1.43e-23 1.44e-23 1.49e-23 2.03e-23 2.63e-23 
3.9810e+07 1.46e-23 1.47e-23 1.52e-23 2.06e-23 2.67e-23 
4.1690e+07 1.49e-23 1.50e-23 1.55e-23 2.09e-23 2.70e-23 
4.3650e+07 1.52e-23 1.52e-23 1.58e-23 2.12e-23 2.74e-23 
4.5710e+07 1.55e-23 1.55e-23 1.61e-23 2.16e-23 2.79e-23 
4.7860e+07 1.58e-23 1.58e-23 1.64e-23 2.20e-23 2.83e-23 
5.0120e+07 1.61e-23 1.61e-23 1.67e-23 2.24e-23 2.88e-23 
5.2480e+07 1.64e-23 1.64e-23 1.70e-23 2.27e-23 2.91e-23 
5.4950e+07 1.66e-23 1.67e-23 1.73e-23 2.31e-23 2.96e-23 
5.7540e+07 1.69e-23 1.70e-23 1.75e-23 2.34e-23 3.00e-23 
6.0260e+07 1.72e-23 1.72e-23 1.78e-23 2.38e-23 3.05e-23 
6.3100e+07 1.74e-23 1.75e-23 1.81e-23 2.41e-23 3.08e-23 
6.6070e+07 1.77e-23 1.78e-23 1.83e-23 2.44e-23 3.12e-23 
6.9180e+07 1.79e-23 1.80e-23 1.86e-23 2.47e-23 3.15e-23 
7.2440e+07 1.82e-23 1.82e-23 1.88e-23 2.50e-23 3.19e-23 
7.5860e+07 1.84e-23 1.85e-23 1.91e-23 2.52e-23 3.21e-23 
7.9430e+07 1.86e-23 1.87e-23 1.93e-23 2.55e-23 3.24e-23 
8.3180e+07 1.88e-23 1.89e-23 1.95e-23 2.56e-23 3.25e-23 
8.7100e+07 1.91e-23 1.91e-23 1.97e-23 2.58e-23 3.26e-23 
9.1200e+07 1.92e-23 1.93e-23 1.99e-23 2.59e-23 3.27e-23 
9.5500e+07 1.94e-23 1.95e-23 2.00e-23 2.60e-23 3.26e-23 
1.0000e+08 1.96e-23 1.96e-23 2.02e-23 2.61e-23 3.27e-23 
