## This is a reproduction of Table 6 of Sutherland and Dopita (1993).
## [NOTE: Only columns 1-6 are reproduced in this file. Log(U), Log(tau_cool), and the "general plasma properties" are not included.]
## [Headings included in the printed table:]
##   CIE Cooling Curve : Solar Abundances
##   Number Densities; Cooling Properties; General Plasma Properties
## Log(T), n_e, n_H, n_t, log(\Lambda_net), log(\Lambda_N)
4.0 0.0023 1.0 1.099 -25.65 -23.06 
4.05 0.0142 1.0 1.099 -24.27 -22.46 
4.1 0.0704 1.0 1.099 -23.28 -22.17 
4.15 0.2534 1.0 1.099 -22.47 -21.92 
4.2 0.5678 1.0 1.099 -21.99 -21.79 
4.25 0.8177 1.0 1.099 -21.84 -21.8 
4.3 0.9324 1.0 1.099 -21.85 -21.86 
4.35 0.978 1.0 1.099 -21.87 -21.9 
4.4 1.004 1.0 1.099 -21.84 -21.88 
4.45 1.035 1.0 1.099 -21.77 -21.82 
4.5 1.067 1.0 1.099 -21.66 -21.73 
4.55 1.086 1.0 1.099 -21.56 -21.63 
4.6 1.094 1.0 1.099 -21.45 -21.53 
4.65 1.098 1.0 1.099 -21.34 -21.42 
4.7 1.1 1.0 1.099 -21.24 -21.32 
4.75 1.102 1.0 1.099 -21.14 -21.22 
4.8 1.11 1.0 1.099 -21.05 -21.14 
4.85 1.128 1.0 1.099 -20.97 -21.07 
4.9 1.154 1.0 1.099 -20.91 -21.01 
4.95 1.176 1.0 1.099 -20.87 -20.98 
5.0 1.188 1.0 1.099 -20.87 -20.99 
5.05 1.195 1.0 1.099 -20.9 -21.02 
5.1 1.198 1.0 1.099 -20.91 -21.03 
5.15 1.199 1.0 1.099 -20.89 -21.01 
5.2 1.2 1.0 1.099 -20.86 -20.98 
5.25 1.201 1.0 1.099 -20.85 -20.97 
5.3 1.201 1.0 1.099 -20.84 -20.96 
5.35 1.201 1.0 1.099 -20.84 -20.96 
5.4 1.202 1.0 1.099 -20.87 -20.99 
5.45 1.203 1.0 1.099 -21.01 -21.13 
5.5 1.203 1.0 1.099 -21.23 -21.35 
5.55 1.204 1.0 1.099 -21.43 -21.55 
5.6 1.204 1.0 1.099 -21.54 -21.66 
5.65 1.204 1.0 1.099 -21.58 -21.71 
5.7 1.204 1.0 1.099 -21.59 -21.71 
5.75 1.204 1.0 1.099 -21.59 -21.71 
5.8 1.204 1.0 1.099 -21.64 -21.76 
5.85 1.205 1.0 1.099 -21.74 -21.86 
5.9 1.205 1.0 1.099 -21.81 -21.93 
5.95 1.205 1.0 1.099 -21.83 -21.95 
6.0 1.205 1.0 1.099 -21.84 -21.96 
6.05 1.205 1.0 1.099 -21.84 -21.96 
6.1 1.206 1.0 1.099 -21.83 -21.96 
6.15 1.206 1.0 1.099 -21.82 -21.95 
6.2 1.206 1.0 1.099 -21.82 -21.94 
6.25 1.206 1.0 1.099 -21.85 -21.97 
6.3 1.207 1.0 1.099 -21.95 -22.07 
6.35 1.207 1.0 1.099 -22.08 -22.2 
6.4 1.207 1.0 1.099 -22.19 -22.31 
6.45 1.208 1.0 1.099 -22.27 -22.39 
6.5 1.208 1.0 1.099 -22.32 -22.44 
6.55 1.208 1.0 1.099 -22.35 -22.48 
6.6 1.208 1.0 1.099 -22.38 -22.5 
6.65 1.208 1.0 1.099 -22.41 -22.53
6.7 1.208 1.0 1.099 -22.44 -22.56 
6.75 1.208 1.0 1.099 -22.46 -22.59
6.8 1.208 1.0 1.099 -22.48 -22.6 
6.85 1.209 1.0 1.099 -22.48 -22.6 
6.9 1.209 1.0 1.099 -22.46 -22.59 
6.95 1.209 1.0 1.099 -22.45 -22.57 
7.0 1.209 1.0 1.099 -22.45 -22.57 
7.05 1.209 1.0 1.099 -22.46 -22.59 
7.1 1.209 1.0 1.099 -22.49 -22.62 
7.15 1.209 1.0 1.099 -22.53 -22.65 
7.2 1.209 1.0 1.099 -22.56 -22.68 
7.25 1.209 1.0 1.099 -22.58 -22.7 
7.3 1.209 1.0 1.099 -22.6 -22.72 
7.35 1.209 1.0 1.099 -22.61 -22.73 
7.4 1.209 1.0 1.099 -22.61 -22.73 
7.45 1.209 1.0 1.099 -22.61 -22.73 
7.5 1.209 1.0 1.099 -22.6 -22.73 
7.55 1.209 1.0 1.099 -22.6 -22.72 
7.6 1.209 1.0 1.099 -22.59 -22.71 
7.65 1.209 1.0 1.099 -22.37 -22.7 
7.7 1.209 1.0 1.099 -22.36 -22.68 
7.75 1.209 1.0 1.099 -22.34 -22.67 
7.8 1.209 1.0 1.099 -22.33 -22.65 
7.85 1.209 1.0 1.099 -22.51 -22.64 
7.9 1.209 1.0 1.099 -22.49 -22.62 
7.95 1.209 1.0 1.099 -22.48 -22.6 
8.0 1.209 1.0 1.099 -22.46 -22.58 
8.05 1.209 1.0 1.099 -22.44 -22.36
8.1 1.209 1.0 1.099 -22.42 -22.34
8.15 1.209 1.0 1.099 -22.4 -22.33
8.2 1.209 1.0 1.099 -22.38 -22.51 
8.25 1.209 1.0 1.099 -22.36 -22.49 
8.3 1.209 1.0 1.099 -22.34 -22.47 
8.35 1.209 1.0 1.099 -22.32 -22.45 
8.4 1.209 1.0 1.099 -22.3 -22.43 
8.45 1.209 1.0 1.099 -22.28 -22.4 
8.5 1.209 1.0 1.099 -22.26 -22.38 