## This is an exact reproduction of "Table 2. Cooling curve for solar metallicity" from Schure et al. (2009).
## log T (K), log Λ_N (erg s^−1 cm^3), log Λ_hd (erg s^−1 cm^3), n_e/n_H
3.8 -25.7331 -30.6104 1.3264e-05 
3.84 -25.0383 -29.4107 4.2428e-05 
3.88 -24.4059 -28.4601 8.8276e-05 
3.92 -23.8288 -27.5743 0.00017967 
3.96 -23.3027 -26.3766 0.00084362 
4.0 -22.8242 -25.289 0.0034295 
4.04 -22.3917 -24.2684 0.013283 
4.08 -22.0067 -23.3834 0.042008 
4.12 -21.6818 -22.5977 0.12138 
4.16 -21.4529 -21.9689 0.30481 
4.2 -21.3246 -21.5972 0.53386 
4.24 -21.3459 -21.4615 0.76622 
4.28 -21.4305 -21.4789 0.89459 
4.32 -21.5293 -21.5497 0.95414 
4.36 -21.6138 -21.6211 0.98342 
4.4 -21.6615 -21.6595 1.0046 
4.44 -21.6551 -21.6426 1.0291 
4.48 -21.5919 -21.5688 1.0547 
4.52 -21.5092 -21.4771 1.0767 
4.56 -21.4124 -21.3755 1.0888 
4.6 -21.3085 -21.2693 1.0945 
4.64 -21.2047 -21.1644 1.0972 
4.68 -21.1067 -21.0658 1.0988 
4.72 -21.0194 -20.9778 1.1004 
4.76 -20.9413 -20.8986 1.1034 
4.8 -20.8735 -20.8281 1.1102 
4.84 -20.8205 -20.77 1.1233 
4.88 -20.7805 -20.7223 1.1433 
4.92 -20.7547 -20.6888 1.1638 
4.96 -20.7455 -20.6739 1.1791 
5.0 -20.7565 -20.6815 1.1885 
5.04 -20.782 -20.7051 1.1937 
5.08 -20.8008 -20.7229 1.1966 
5.12 -20.7994 -20.7208 1.1983 
5.16 -20.7847 -20.7058 1.1993 
5.2 -20.7687 -20.6896 1.1999 
5.24 -20.759 -20.6797 1.2004 
5.28 -20.7544 -20.6749 1.2008 
5.32 -20.7505 -20.6709 1.2012 
5.36 -20.7545 -20.6748 1.2015 
5.4 -20.7888 -20.7089 1.202 
5.44 -20.8832 -20.8031 1.2025 
5.48 -21.045 -20.9647 1.203 
5.52 -21.2286 -21.1482 1.2035 
5.56 -21.3737 -21.2932 1.2037 
5.6 -21.4573 -21.3767 1.2039 
5.64 -21.4935 -21.4129 1.204 
5.68 -21.5098 -21.4291 1.2041 
5.72 -21.5345 -21.4538 1.2042 
5.76 -21.5863 -21.5055 1.2044 
5.8 -21.6548 -21.574 1.2045 
5.84 -21.7108 -21.63 1.2046 
5.88 -21.7424 -21.6615 1.2047 
5.92 -21.7576 -21.6766 1.2049 
5.96 -21.7696 -21.6886 1.205 
6.0 -21.7883 -21.7073 1.2051 
6.04 -21.8115 -21.7304 1.2053 
6.08 -21.8303 -21.7491 1.2055 
6.12 -21.8419 -21.7607 1.2056 
6.16 -21.8514 -21.7701 1.2058 
6.2 -21.869 -21.7877 1.206 
6.24 -21.9057 -21.8243 1.2062 
6.28 -21.969 -21.8875 1.2065 
6.32 -22.0554 -21.9738 1.2067 
6.36 -22.1488 -22.0671 1.207 
6.4 -22.2355 -22.1537 1.2072 
6.44 -22.3084 -22.2265 1.2075 
6.48 -22.3641 -22.2821 1.2077 
6.52 -22.4033 -22.3213 1.2078 
6.56 -22.4282 -22.3462 1.2079 
6.6 -22.4408 -22.3587 1.208 
6.64 -22.4443 -22.3622 1.2081 
6.68 -22.4411 -22.359 1.2082 
6.72 -22.4334 -22.3512 1.2083 
6.76 -22.4242 -22.342 1.2083 
6.8 -22.4164 -22.3342 1.2084 
6.84 -22.4134 -22.3312 1.2084 
6.88 -22.4168 -22.3346 1.2085 
6.92 -22.4267 -22.3445 1.2085 
6.96 -22.4418 -22.3595 1.2086 
7.0 -22.4603 -22.378 1.2086 
7.04 -22.483 -22.4007 1.2087 
7.08 -22.5112 -22.4289 1.2087 
7.12 -22.5449 -22.4625 1.2088 
7.16 -22.5819 -22.4995 1.2088 
7.2 -22.6177 -22.5353 1.2089 
7.24 -22.6483 -22.5659 1.2089 
7.28 -22.6719 -22.5895 1.2089 
7.32 -22.6883 -22.6059 1.2089 
7.36 -22.6985 -22.6161 1.2089 
7.4 -22.7032 -22.6208 1.209 
7.44 -22.7037 -22.6213 1.209 
7.48 -22.7008 -22.6184 1.209 
7.52 -22.695 -22.6126 1.209 
7.56 -22.6869 -22.6045 1.209 
7.6 -22.6769 -22.5945 1.209 
7.64 -22.6655 -22.5831 1.209 
7.68 -22.6531 -22.5707 1.209 
7.72 -22.6397 -22.5573 1.209 
7.76 -22.6258 -22.5434 1.209 
7.8 -22.6111 -22.5287 1.209 
7.84 -22.5964 -22.514 1.209 
7.88 -22.5816 -22.4992 1.209 
7.92 -22.5668 -22.4844 1.209 
7.96 -22.5519 -22.4695 1.209 
8.0 -22.5367 -22.4543 1.209 
8.04 -22.5216 -22.4392 1.209 
8.08 -22.5062 -22.4237 1.2091 
8.12 -22.4912 -22.4087 1.2091 
8.16 -22.4753 -22.3928 1.2091 